10001100000000010000000000000000
10001100000000100000000000000100
10001100000000110000000000001000
00000000000000000000000000000000
00000000000000000000000000000000
00000000000000000000000000000000
10001100011001000000000000000000
00000000000000000000000000000000
00000000000000000000000000000000
00000000000000000000000000000000
00010000100000000000000000010000
00000000000000000000000000000000
00000000000000000000000000000000
00000000000000000000000000000000
00000000100000010010000000100000
00000000000000000000000000000000
00000000000000000000000000000000
00000000000000000000000000000000
10101100011001000000000000000000
00000000011000100001100000100000
00000000000000000000000000000000
00000000000000000000000000000000
00000000000000000000000000000000
00010000000000001111111111101110
00000000000000000000000000000000
00000000000000000000000000000000
00000000000000000000000000000000
00000000000000000000000000000000